#t	<G_j(t,p=0)>		<G_j(t,p=0)>_err
0	0.02198897986434607	1.9057256892442637e-6
1	0.007800607866379662	1.2905444971125312e-6
2	0.000983352410790734	9.846383649046972e-7
3	0.0006725181966952155	9.993941740901763e-7
4	0.00015284470548422786	9.23256795519525e-7
5	0.00019051952180076224	8.391260198363964e-7
6	0.00008517275267560862	8.898793451212518e-7
7	0.0001904359207985367	7.814295416034536e-7
8	0.00015367607731650153	8.822668786956326e-7
9	0.0006734281733900057	8.103465027075933e-7
10	0.0009846063178776485	9.589765990697167e-7
11	0.0078027209761687595	1.1687553096193205e-6
