#t	<G_j(t,p=0)>		<G_j(t,p=0)>_err
0	0.022027126880165192	4.540714590213109e-6
1	0.007773404019877971	3.892191431705103e-6
2	0.001013710322233513	4.23049420550583e-6
3	0.0006339724891898552	4.022654130760515e-6
4	0.00017674448630813742	4.09136378623555e-6
5	0.0001468008314389471	4.056930788444285e-6
6	0.00010568076565813313	4.111892197678367e-6
7	0.00014655534354504794	4.087869471358044e-6
8	0.00017617835863584352	4.325474990435674e-6
9	0.0006320395033249275	3.988979274782322e-6
10	0.001013567602276428	4.3786698727769385e-6
11	0.007768310719101956	3.7209886911650967e-6
