#t	<G_j(t,p=0)>		<G_j(t,p=0)>_err
0	0.02195364341288184	1.4300481512580204e-6
1	0.007809332047025734	5.793446224605116e-7
2	0.0009603431448438804	3.7589431576790233e-7
3	0.0006945531316008027	3.5134042037483914e-7
4	0.00013539453233248774	2.544986795271466e-7
5	0.0002173471442730006	3.037519162890775e-7
6	0.00006905259433537454	2.1555331788656605e-7
7	0.00021733598451850026	3.112284567128688e-7
8	0.0001355588534488228	2.3215375391107119e-7
9	0.0006945901688916778	3.374120240887636e-7
10	0.0009604535278641587	3.540388201116749e-7
11	0.0078091412978011495	5.879774567682069e-7
