#t	<G_j(t,p=0)>		<G_j(t,p=0)>_err
0	0.021902111745215943	3.799924132847751e-6
1	0.007812587525288198	2.0693518600838282e-6
2	0.0009770812295887652	1.411308684357642e-6
3	0.0006890661543576799	8.303720837782376e-7
4	0.00014563088499995472	1.2665596654363052e-6
5	0.00021124228862899234	9.5266577806401e-7
6	0.00007760939600975976	1.146026465956283e-6
7	0.00021205181696545036	1.0468180719164309e-6
8	0.000146852327834552	1.2023444199299742e-6
9	0.0006900513140110122	1.1975218088823325e-6
10	0.0009793103303837529	1.3818440064758839e-6
11	0.0078115572354105186	2.062112715162292e-6
