#t	<G_j(t,p=0)>		<G_j(t,p=0)>_err
0	0.021928646569125687	4.376337780859598e-6
1	0.007791559753908913	3.947356679908051e-6
2	0.0009967502529274299	3.4816872739689938e-6
3	0.0006569195327817516	3.7642452858035778e-6
4	0.00015724709012642318	3.182546912617236e-6
5	0.00017171935089029563	3.3825452885244127e-6
6	0.00008954217800622513	3.182502475484148e-6
7	0.00017455898646724698	3.493343831598198e-6
8	0.00016079418835414968	3.068994602248666e-6
9	0.0006580186142671272	3.896161622484625e-6
10	0.0009979589310823926	3.2031876452666422e-6
11	0.007796948591034018	3.96991479114014e-6
