0 0.003317792399922949
1 0.002050710515310459
2 -9.741455724430804e-05
3 0.0001655486863033077
4 -0.000293856539514785
5 -0.0003110175844366943
6 -0.0003133454972420265
7 -0.0004860662729478476
8 -0.0003637297820880393
9 -0.000386256380535201
10 -6.608090643103058e-05
11 -0.0001752356087839462
12 8.544313822947487e-05
13 0.0001606043269208317
14 -9.788553955619186e-05
15 0.0004436238365018458
16 -4.768581091322779e-05
17 0.0003837950464359691
18 -4.765095149012061e-05
19 6.990160030793833e-05
20 -0.0001198408413796011
21 -9.635907603358583e-05
22 -9.936876869310703e-05
23 0.0001645921744035157
24 0.0001192129316374806
25 0.0001372735991553601
26 0.0001317449833451569
27 -5.052401596066165e-05
28 0.0001980811783461716
29 -0.0001213633157807304
30 1.721567378097143e-05
31 -0.0001004715551805112
32 -0.0002457546268488458
33 -0.0002245589241998755
34 -0.0001974939872771026
35 -0.0004320899010964424
36 -0.0002753899798296648
37 0.000100193956715444
38 -0.0004141827112940616
39 0.002225678810015743
 
0 0.003216423004867669
1 0.002027808466250747
2 -7.66750845818878e-05
3 0.0001501320418488584
4 -0.0002678142836982587
5 -0.0003259504625599698
6 -0.000265958738707666
7 -0.0004563134261242484
8 -0.0003173681892883598
9 -0.0003613353248044322
10 -5.426023311290858e-05
11 -0.0001495970370374975
12 0.0001103975334422242
13 0.0001646686995423057
14 -2.680364975909795e-05
15 0.0004022713635468019
16 -3.173889033322775e-05
17 0.0003448010298999224
18 -4.497783492338147e-05
19 0.0001021624762210087
20 -9.867714021398764e-05
21 -2.99865095777117e-05
22 -0.0001002705107320451
23 0.0001977212528144523
24 0.000104527856663334
25 0.0001294047816351932
26 9.867838092467742e-05
27 -5.476166066525413e-05
28 0.0002024842479607822
29 -0.000122414304764172
30 1.346895683913089e-05
31 -0.0001175418844394257
32 -0.0002246566190914319
33 -0.0002280454300521334
34 -0.0002099437200680863
35 -0.000427652112098018
36 -0.0003299368207497162
37 9.713013785306635e-05
38 -0.0004386995324410834
39 0.002252961025579744
 
0 0.003216423004867669
1 0.002027808466250747
2 -7.66750845818878e-05
3 0.0001501320418488584
4 -0.0002678142836982587
5 -0.0003259504625599698
6 -0.000265958738707666
7 -0.0004563134261242484
8 -0.0003173681892883598
9 -0.0003613353248044322
10 -5.426023311290858e-05
11 -0.0001495970370374975
12 0.0001103975334422242
13 0.0001646686995423057
14 -2.680364975909795e-05
15 0.0004022713635468019
16 -3.173889033322775e-05
17 0.0003448010298999224
18 -4.497783492338147e-05
19 0.0001021624762210087
20 -9.867714021398764e-05
21 -2.99865095777117e-05
22 -0.0001002705107320451
23 0.0001977212528144523
24 0.000104527856663334
25 0.0001294047816351932
26 9.867838092467742e-05
27 -5.476166066525413e-05
28 0.0002024842479607822
29 -0.000122414304764172
30 1.346895683913089e-05
31 -0.0001175418844394257
32 -0.0002246566190914319
33 -0.0002280454300521334
34 -0.0002099437200680863
35 -0.000427652112098018
36 -0.0003299368207497162
37 9.713013785306635e-05
38 -0.0004386995324410834
39 0.002252961025579744
 
0 0.003216423004867669
1 0.002027808466250747
2 -7.66750845818878e-05
3 0.0001501320418488584
4 -0.0002678142836982587
5 -0.0003259504625599698
6 -0.000265958738707666
7 -0.0004563134261242484
8 -0.0003173681892883598
9 -0.0003613353248044322
10 -5.426023311290858e-05
11 -0.0001495970370374975
12 0.0001103975334422242
13 0.0001646686995423057
14 -2.680364975909795e-05
15 0.0004022713635468019
16 -3.173889033322775e-05
17 0.0003448010298999224
18 -4.497783492338147e-05
19 0.0001021624762210087
20 -9.867714021398764e-05
21 -2.99865095777117e-05
22 -0.0001002705107320451
23 0.0001977212528144523
24 0.000104527856663334
25 0.0001294047816351932
26 9.867838092467742e-05
27 -5.476166066525413e-05
28 0.0002024842479607822
29 -0.000122414304764172
30 1.346895683913089e-05
31 -0.0001175418844394257
32 -0.0002246566190914319
33 -0.0002280454300521334
34 -0.0002099437200680863
35 -0.000427652112098018
36 -0.0003299368207497162
37 9.713013785306635e-05
38 -0.0004386995324410834
39 0.002252961025579744
 
0 0.003216423004867669
1 0.002027808466250747
2 -7.66750845818878e-05
3 0.0001501320418488584
4 -0.0002678142836982587
5 -0.0003259504625599698
6 -0.000265958738707666
7 -0.0004563134261242484
8 -0.0003173681892883598
9 -0.0003613353248044322
10 -5.426023311290858e-05
11 -0.0001495970370374975
12 0.0001103975334422242
13 0.0001646686995423057
14 -2.680364975909795e-05
15 0.0004022713635468019
16 -3.173889033322775e-05
17 0.0003448010298999224
18 -4.497783492338147e-05
19 0.0001021624762210087
20 -9.867714021398764e-05
21 -2.99865095777117e-05
22 -0.0001002705107320451
23 0.0001977212528144523
24 0.000104527856663334
25 0.0001294047816351932
26 9.867838092467742e-05
27 -5.476166066525413e-05
28 0.0002024842479607822
29 -0.000122414304764172
30 1.346895683913089e-05
31 -0.0001175418844394257
32 -0.0002246566190914319
33 -0.0002280454300521334
34 -0.0002099437200680863
35 -0.000427652112098018
36 -0.0003299368207497162
37 9.713013785306635e-05
38 -0.0004386995324410834
39 0.002252961025579744
 
0 0.003216423004867669
1 0.002027808466250747
2 -7.66750845818878e-05
3 0.0001501320418488584
4 -0.0002678142836982587
5 -0.0003259504625599698
6 -0.000265958738707666
7 -0.0004563134261242484
8 -0.0003173681892883598
9 -0.0003613353248044322
10 -5.426023311290858e-05
11 -0.0001495970370374975
12 0.0001103975334422242
13 0.0001646686995423057
14 -2.680364975909795e-05
15 0.0004022713635468019
16 -3.173889033322775e-05
17 0.0003448010298999224
18 -4.497783492338147e-05
19 0.0001021624762210087
20 -9.867714021398764e-05
21 -2.99865095777117e-05
22 -0.0001002705107320451
23 0.0001977212528144523
24 0.000104527856663334
25 0.0001294047816351932
26 9.867838092467742e-05
27 -5.476166066525413e-05
28 0.0002024842479607822
29 -0.000122414304764172
30 1.346895683913089e-05
31 -0.0001175418844394257
32 -0.0002246566190914319
33 -0.0002280454300521334
34 -0.0002099437200680863
35 -0.000427652112098018
36 -0.0003299368207497162
37 9.713013785306635e-05
38 -0.0004386995324410834
39 0.002252961025579744
 
0 0.003216423004867669
1 0.002027808466250747
2 -7.66750845818878e-05
3 0.0001501320418488584
4 -0.0002678142836982587
5 -0.0003259504625599698
6 -0.000265958738707666
7 -0.0004563134261242484
8 -0.0003173681892883598
9 -0.0003613353248044322
10 -5.426023311290858e-05
11 -0.0001495970370374975
12 0.0001103975334422242
13 0.0001646686995423057
14 -2.680364975909795e-05
15 0.0004022713635468019
16 -3.173889033322775e-05
17 0.0003448010298999224
18 -4.497783492338147e-05
19 0.0001021624762210087
20 -9.867714021398764e-05
21 -2.99865095777117e-05
22 -0.0001002705107320451
23 0.0001977212528144523
24 0.000104527856663334
25 0.0001294047816351932
26 9.867838092467742e-05
27 -5.476166066525413e-05
28 0.0002024842479607822
29 -0.000122414304764172
30 1.346895683913089e-05
31 -0.0001175418844394257
32 -0.0002246566190914319
33 -0.0002280454300521334
34 -0.0002099437200680863
35 -0.000427652112098018
36 -0.0003299368207497162
37 9.713013785306635e-05
38 -0.0004386995324410834
39 0.002252961025579744
 
0 0.003216423004867669
1 0.002027808466250747
2 -7.66750845818878e-05
3 0.0001501320418488584
4 -0.0002678142836982587
5 -0.0003259504625599698
6 -0.000265958738707666
7 -0.0004563134261242484
8 -0.0003173681892883598
9 -0.0003613353248044322
10 -5.426023311290858e-05
11 -0.0001495970370374975
12 0.0001103975334422242
13 0.0001646686995423057
14 -2.680364975909795e-05
15 0.0004022713635468019
16 -3.173889033322775e-05
17 0.0003448010298999224
18 -4.497783492338147e-05
19 0.0001021624762210087
20 -9.867714021398764e-05
21 -2.99865095777117e-05
22 -0.0001002705107320451
23 0.0001977212528144523
24 0.000104527856663334
25 0.0001294047816351932
26 9.867838092467742e-05
27 -5.476166066525413e-05
28 0.0002024842479607822
29 -0.000122414304764172
30 1.346895683913089e-05
31 -0.0001175418844394257
32 -0.0002246566190914319
33 -0.0002280454300521334
34 -0.0002099437200680863
35 -0.000427652112098018
36 -0.0003299368207497162
37 9.713013785306635e-05
38 -0.0004386995324410834
39 0.002252961025579744
 
0 0.003216423004867669
1 0.002027808466250747
2 -7.66750845818878e-05
3 0.0001501320418488584
4 -0.0002678142836982587
5 -0.0003259504625599698
6 -0.000265958738707666
7 -0.0004563134261242484
8 -0.0003173681892883598
9 -0.0003613353248044322
10 -5.426023311290858e-05
11 -0.0001495970370374975
12 0.0001103975334422242
13 0.0001646686995423057
14 -2.680364975909795e-05
15 0.0004022713635468019
16 -3.173889033322775e-05
17 0.0003448010298999224
18 -4.497783492338147e-05
19 0.0001021624762210087
20 -9.867714021398764e-05
21 -2.99865095777117e-05
22 -0.0001002705107320451
23 0.0001977212528144523
24 0.000104527856663334
25 0.0001294047816351932
26 9.867838092467742e-05
27 -5.476166066525413e-05
28 0.0002024842479607822
29 -0.000122414304764172
30 1.346895683913089e-05
31 -0.0001175418844394257
32 -0.0002246566190914319
33 -0.0002280454300521334
34 -0.0002099437200680863
35 -0.000427652112098018
36 -0.0003299368207497162
37 9.713013785306635e-05
38 -0.0004386995324410834
39 0.002252961025579744
 
0 0.003227738465380813
1 0.002066930193890989
2 -6.799701285885728e-05
3 0.0001790455327899462
4 -0.0002752875490431798
5 -0.00031721828080264
6 -0.0002681888925766237
7 -0.0004583677270803282
8 -0.0003192427367549053
9 -0.0003588318662674474
10 -4.41042962593747e-05
11 -0.0001510245735779018
12 0.0001210586291778398
13 0.0001669835312998046
14 -4.024995805397921e-05
15 0.0003993525435042515
16 -3.179286273227208e-05
17 0.0003538743917459395
18 -4.021402467111017e-05
19 9.658229293978502e-05
20 -9.061875251997103e-05
21 -3.447728573878041e-05
22 -8.520648120612384e-05
23 0.0002167008937868805
24 0.0001234568334560137
25 0.0001738498749387589
26 0.0001094646990643544
27 -2.017752638643786e-05
28 0.0002266730260847655
29 -9.916334934593352e-05
30 3.284755731040672e-05
31 -0.0001126604268740027
32 -0.0002014320772641015
33 -0.0002297317475177221
34 -0.0001906733351205857
35 -0.0004196222573111332
36 -0.0003125285109736637
37 0.0001032365707539551
38 -0.0004387118731389469
39 0.00228340582744342
 
