0 0.02214698042452133
1 0.01298312665672818
2 0.001147194289418905
3 0.001045623414036756
4 1.082814512235811e-05
5 -0.0001537349585256923
6 -1.259189257244027e-05
7 -0.0002873209682192393
8 -0.000119625163298921
9 -0.0001083275061228856
10 0.0001350097172507795
11 2.483464217988954e-05
12 -3.480832868070488e-05
13 -7.418819489954384e-05
14 5.511151650354064e-06
15 -0.0001848811862444714
16 -0.0001745304687001005
17 -0.0001190093630795205
18 2.998056592716342e-05
19 6.347315646585024e-05
20 0.0002354602656155393
21 6.962321799975042e-05
22 0.0003426754721329254
23 0.0003018093073637525
24 0.0001504140332341952
25 0.0002582138905949867
26 7.898430526526683e-05
27 0.0001813666835170309
28 0.000138457949092206
29 -1.094218491076171e-05
30 9.265998330844336e-05
31 3.953783978890228e-06
32 0.000241575323234158
33 -4.582807036938424e-05
34 -4.147060470372898e-05
35 -0.0002899439242855073
36 -0.0003441330444740737
37 0.001302874656293258
38 0.0009327339959188009
39 0.01394276117307696
 
0 0.02252503429578383
1 0.01315919974236789
2 0.001089636952553834
3 0.001171922218660367
4 1.561710325194027e-05
5 -7.980089057601352e-05
6 3.792129714887223e-05
7 -0.0001171984401783815
8 -0.0001043601385270762
9 5.255258704100574e-05
10 0.0001234443331896002
11 9.180484691209326e-05
12 1.837080179734529e-05
13 2.953433831477411e-05
14 -1.60794852456439e-05
15 -0.0001002028903807207
16 -0.0001169756810432782
17 -4.050126694806879e-05
18 4.694724930159966e-06
19 5.539501497038498e-05
20 0.0001097829814654764
21 7.338885773044815e-05
22 0.0002179313233169171
23 0.0002538806398324034
24 9.677503413350478e-05
25 0.0002108548673408352
26 5.340912107233648e-05
27 0.0001561540807053843
28 0.0001263997075677061
29 2.082969576240456e-05
30 9.079767992922116e-05
31 7.464043510853835e-05
32 0.0001563412198960498
33 2.935722930480759e-05
34 -5.005966919406178e-05
35 -0.0002301590544961226
36 -0.0002647370443859796
37 0.001289970665289033
38 0.001018601300530551
39 0.01388516194871834
 
0 0.02252503429578383
1 0.01315919974236789
2 0.001089636952553834
3 0.001171922218660367
4 1.561710325194027e-05
5 -7.980089057601352e-05
6 3.792129714887223e-05
7 -0.0001171984401783815
8 -0.0001043601385270762
9 5.255258704100574e-05
10 0.0001234443331896002
11 9.180484691209326e-05
12 1.837080179734529e-05
13 2.953433831477411e-05
14 -1.60794852456439e-05
15 -0.0001002028903807207
16 -0.0001169756810432782
17 -4.050126694806879e-05
18 4.694724930159966e-06
19 5.539501497038498e-05
20 0.0001097829814654764
21 7.338885773044815e-05
22 0.0002179313233169171
23 0.0002538806398324034
24 9.677503413350478e-05
25 0.0002108548673408352
26 5.340912107233648e-05
27 0.0001561540807053843
28 0.0001263997075677061
29 2.082969576240456e-05
30 9.079767992922116e-05
31 7.464043510853835e-05
32 0.0001563412198960498
33 2.935722930480759e-05
34 -5.005966919406178e-05
35 -0.0002301590544961226
36 -0.0002647370443859796
37 0.001289970665289033
38 0.001018601300530551
39 0.01388516194871834
 
0 0.02252503429578383
1 0.01315919974236789
2 0.001089636952553834
3 0.001171922218660367
4 1.561710325194027e-05
5 -7.980089057601352e-05
6 3.792129714887223e-05
7 -0.0001171984401783815
8 -0.0001043601385270762
9 5.255258704100574e-05
10 0.0001234443331896002
11 9.180484691209326e-05
12 1.837080179734529e-05
13 2.953433831477411e-05
14 -1.60794852456439e-05
15 -0.0001002028903807207
16 -0.0001169756810432782
17 -4.050126694806879e-05
18 4.694724930159966e-06
19 5.539501497038498e-05
20 0.0001097829814654764
21 7.338885773044815e-05
22 0.0002179313233169171
23 0.0002538806398324034
24 9.677503413350478e-05
25 0.0002108548673408352
26 5.340912107233648e-05
27 0.0001561540807053843
28 0.0001263997075677061
29 2.082969576240456e-05
30 9.079767992922116e-05
31 7.464043510853835e-05
32 0.0001563412198960498
33 2.935722930480759e-05
34 -5.005966919406178e-05
35 -0.0002301590544961226
36 -0.0002647370443859796
37 0.001289970665289033
38 0.001018601300530551
39 0.01388516194871834
 
0 0.022520303813402
1 0.01313108375278365
2 0.001094161309198186
3 0.001152905964144363
4 2.609042803440852e-05
5 -9.150228974495704e-05
6 4.585789523465727e-05
7 -0.0001170339674447632
8 -9.549051518529301e-05
9 5.398218075648422e-05
10 0.0001305695342000567
11 7.719281724782874e-05
12 -3.671496831168779e-06
13 2.03541469232728e-05
14 -3.264380194650465e-05
15 -0.0001129446700466862
16 -0.0001292786600464374
17 -4.46970857847199e-05
18 2.373353805543732e-06
19 5.39131303530518e-05
20 0.0001223790307295873
21 7.040687586297497e-05
22 0.0002238039722537047
23 0.0002495434166678936
24 0.0001005351296535529
25 0.0002212380912694805
26 5.682081061905135e-05
27 0.0001598009909752664
28 0.0001278282044809834
29 7.673557472712553e-06
30 9.5541216926016e-05
31 6.141798183678014e-05
32 0.0001658361007811232
33 1.951708074738699e-05
34 -5.188146584266394e-05
35 -0.0002338302471944041
36 -0.0002781719356446287
37 0.001304176270990356
38 0.001001073368301688
39 0.01388638633560119
 
