0 -0.315569147954084
1 0.1218390867798054
2 -0.125043765516178
3 0.10313282494702
4 -0.08864667673079728
5 0.08842534523888087
6 -0.07506508479341342
7 0.07919359846381855
8 -0.06663586568368559
9 0.07312165234158883
10 -0.06122150495132523
11 0.06917248898976218
12 -0.05751419656402651
13 0.06648163006910071
14 -0.05481973971503125
15 0.06476663475232287
16 -0.05324812816885308
17 0.06408848653919875
18 -0.05258771588092938
19 0.06403711617391141
20 -0.05269198600914017
21 0.06446605370696339
22 -0.05337406768664546
23 0.06526561027915267
24 -0.05456203559331124
25 0.06662654940761701
26 -0.05634235891506036
27 0.06854790342548772
28 -0.05839910129858672
29 0.07058484105720715
30 -0.0616614866594812
31 0.07400229748024531
32 -0.06618013034021787
33 0.07940656294463511
34 -0.07418524882142738
35 0.08839478359874372
36 -0.08859655313096792
37 0.1040811138247268
38 -0.1252718864795026
39 0.1225732953009113
 
0 -0.316494529295151
1 0.1227863499253548
2 -0.125812836902954
3 0.1040716772636361
4 -0.08934099361749183
5 0.08912731640291121
6 -0.07544094222311747
7 0.07977113905469224
8 -0.06706851775637511
9 0.07361060768098225
10 -0.0616247034026453
11 0.0695856079601605
12 -0.05789476554518618
13 0.06695073585040343
14 -0.05527325695080883
15 0.06517114913418631
16 -0.05360281971796352
17 0.06428038936621875
18 -0.05284404212502486
19 0.06409309512439293
20 -0.05292224649156685
21 0.06450858224464902
22 -0.05347157709542743
23 0.06519750413629107
24 -0.05460602658883094
25 0.06650955120012282
26 -0.05642093665233288
27 0.06852637018208821
28 -0.05864037376455772
29 0.07086225488167296
30 -0.06209565915278005
31 0.07464272395075545
32 -0.06704600795958727
33 0.08029356352636905
34 -0.07524241427256579
35 0.08932349978012668
36 -0.08959645345886585
37 0.1048899769448386
38 -0.1262015426926887
39 0.1233476947533764
 
0 -0.316494529295151
1 0.1227863499253548
2 -0.125812836902954
3 0.1040716772636361
4 -0.08934099361749183
5 0.08912731640291121
6 -0.07544094222311747
7 0.07977113905469224
8 -0.06706851775637511
9 0.07361060768098225
10 -0.0616247034026453
11 0.0695856079601605
12 -0.05789476554518618
13 0.06695073585040343
14 -0.05527325695080883
15 0.06517114913418631
16 -0.05360281971796352
17 0.06428038936621875
18 -0.05284404212502486
19 0.06409309512439293
20 -0.05292224649156685
21 0.06450858224464902
22 -0.05347157709542743
23 0.06519750413629107
24 -0.05460602658883094
25 0.06650955120012282
26 -0.05642093665233288
27 0.06852637018208821
28 -0.05864037376455772
29 0.07086225488167296
30 -0.06209565915278005
31 0.07464272395075545
32 -0.06704600795958727
33 0.08029356352636905
34 -0.07524241427256579
35 0.08932349978012668
36 -0.08959645345886585
37 0.1048899769448386
38 -0.1262015426926887
39 0.1233476947533764
 
0 -0.316494529295151
1 0.1227863499253548
2 -0.125812836902954
3 0.1040716772636361
4 -0.08934099361749183
5 0.08912731640291121
6 -0.07544094222311747
7 0.07977113905469224
8 -0.06706851775637511
9 0.07361060768098225
10 -0.0616247034026453
11 0.0695856079601605
12 -0.05789476554518618
13 0.06695073585040343
14 -0.05527325695080883
15 0.06517114913418631
16 -0.05360281971796352
17 0.06428038936621875
18 -0.05284404212502486
19 0.06409309512439293
20 -0.05292224649156685
21 0.06450858224464902
22 -0.05347157709542743
23 0.06519750413629107
24 -0.05460602658883094
25 0.06650955120012282
26 -0.05642093665233288
27 0.06852637018208821
28 -0.05864037376455772
29 0.07086225488167296
30 -0.06209565915278005
31 0.07464272395075545
32 -0.06704600795958727
33 0.08029356352636905
34 -0.07524241427256579
35 0.08932349978012668
36 -0.08959645345886585
37 0.1048899769448386
38 -0.1262015426926887
39 0.1233476947533764
 
0 -0.3163236745815416
1 0.1226580511788073
2 -0.1256662155982942
3 0.1039210212109424
4 -0.08920218564416097
5 0.08896445828740802
6 -0.07533492580829835
7 0.07962627538064573
8 -0.06699549620291811
9 0.07350934082348875
10 -0.06160823707083726
11 0.06953317707192467
12 -0.05792556859825912
13 0.06692468729043745
14 -0.05530793161623538
15 0.06513697438402692
16 -0.05361819480057138
17 0.06423634280161973
18 -0.05283120827428018
19 0.06402413577990097
20 -0.0528899199834587
21 0.06445121736579618
22 -0.05344757848565261
23 0.06517670884607357
24 -0.05463348301567525
25 0.06651829888515192
26 -0.05646936116421873
27 0.06855508056009231
28 -0.05868411376749361
29 0.07090442765827406
30 -0.0621455306682209
31 0.07468734003763699
32 -0.06706919322551982
33 0.08032886571203129
34 -0.07522937886845656
35 0.0893092674006259
36 -0.08952128134828093
37 0.1048407789842833
38 -0.1260842494867248
39 0.1232854957688204
 
