0 0.02532840790021104
1 0.01386435402856406
2 0.001199178041137619
3 0.001331633644984058
4 0.000105434275284284
5 9.247094703177212e-05
6 0.0002244745706933193
7 9.231761592676919e-05
8 0.0001848786202358572
9 -4.210581787923485e-06
10 -4.506149634184239e-05
11 0.0002051618311744431
12 1.251413637099466e-05
13 4.863168380593996e-05
14 -0.0001299423319485792
15 0.0003247461881068434
16 5.502855460652962e-05
17 0.0003863355401311231
18 0.0001618556385399705
19 9.416246422938246e-05
20 0.0001093795547369227
21 1.731156010405402e-06
22 7.183248576483811e-05
23 0.000536188886513818
24 4.474155345972229e-05
25 0.0004517201395966357
26 6.127630154114521e-05
27 0.0002238256593731768
28 -7.417827079318518e-05
29 0.000182634273158069
30 -3.517259100226461e-05
31 8.533271612888338e-05
32 0.0002092311024265862
33 -0.0001816695372833938
34 -5.028673850032775e-05
35 -0.0001682890347984403
36 -0.0003963621587218492
37 0.001242834168185433
38 0.0006220806140469405
39 0.01395890557202556
 
0 0.0251769551767245
1 0.01378349257913005
2 0.001062232711572626
3 0.001329438159756851
4 5.326891900412376e-05
5 0.0001009464049643798
6 0.0002133838484185997
7 0.0001189822682866688
8 0.0002109234190300647
9 5.825907468372542e-05
10 -1.122071720688416e-06
11 0.0002246950904627583
12 5.556080030999871e-05
13 9.218404378313909e-05
14 -6.588988141492144e-05
15 0.0002826153598144828
16 7.858963544822474e-05
17 0.0003425936471132058
18 0.0001209381044478621
19 6.491934634505561e-05
20 9.484914700333409e-05
21 -1.828632394937054e-05
22 9.500776757363404e-05
23 0.0004260993359317986
24 9.947911125227255e-05
25 0.0003333540735332592
26 9.86326948031218e-05
27 0.0001727919410979267
28 1.611442734153463e-06
29 0.0001634067916320393
30 7.015806940661338e-06
31 8.954345463476126e-05
32 0.0001685690020714868
33 -0.0001240199558460943
34 7.528665088090737e-06
35 -0.0001970313702397762
36 -0.0003095038474268052
37 0.001207982932894185
38 0.0007031847448316037
39 0.01383362143462953
 
0 0.0251769551767245
1 0.01378349257913005
2 0.001062232711572626
3 0.001329438159756851
4 5.326891900412376e-05
5 0.0001009464049643798
6 0.0002133838484185997
7 0.0001189822682866688
8 0.0002109234190300647
9 5.825907468372542e-05
10 -1.122071720688416e-06
11 0.0002246950904627583
12 5.556080030999871e-05
13 9.218404378313909e-05
14 -6.588988141492144e-05
15 0.0002826153598144828
16 7.858963544822474e-05
17 0.0003425936471132058
18 0.0001209381044478621
19 6.491934634505561e-05
20 9.484914700333409e-05
21 -1.828632394937054e-05
22 9.500776757363404e-05
23 0.0004260993359317986
24 9.947911125227255e-05
25 0.0003333540735332592
26 9.86326948031218e-05
27 0.0001727919410979267
28 1.611442734153463e-06
29 0.0001634067916320393
30 7.015806940661338e-06
31 8.954345463476126e-05
32 0.0001685690020714868
33 -0.0001240199558460943
34 7.528665088090737e-06
35 -0.0001970313702397762
36 -0.0003095038474268052
37 0.001207982932894185
38 0.0007031847448316037
39 0.01383362143462953
 
0 0.0251769551767245
1 0.01378349257913005
2 0.001062232711572626
3 0.001329438159756851
4 5.326891900412376e-05
5 0.0001009464049643798
6 0.0002133838484185997
7 0.0001189822682866688
8 0.0002109234190300647
9 5.825907468372542e-05
10 -1.122071720688416e-06
11 0.0002246950904627583
12 5.556080030999871e-05
13 9.218404378313909e-05
14 -6.588988141492144e-05
15 0.0002826153598144828
16 7.858963544822474e-05
17 0.0003425936471132058
18 0.0001209381044478621
19 6.491934634505561e-05
20 9.484914700333409e-05
21 -1.828632394937054e-05
22 9.500776757363404e-05
23 0.0004260993359317986
24 9.947911125227255e-05
25 0.0003333540735332592
26 9.86326948031218e-05
27 0.0001727919410979267
28 1.611442734153463e-06
29 0.0001634067916320393
30 7.015806940661338e-06
31 8.954345463476126e-05
32 0.0001685690020714868
33 -0.0001240199558460943
34 7.528665088090737e-06
35 -0.0001970313702397762
36 -0.0003095038474268052
37 0.001207982932894185
38 0.0007031847448316037
39 0.01383362143462953
 
0 0.02510808138092333
1 0.0137646830624224
2 0.00107490379675834
3 0.001319699824305521
4 5.921124081350934e-05
5 7.921798954624429e-05
6 0.0002183403508241778
7 0.0001094672686998783
8 0.0002147657288320797
9 4.84473934224235e-05
10 -7.996342768184014e-06
11 0.0002173416423853269
12 5.215152107410613e-05
13 7.404434109182928e-05
14 -8.017629094337435e-05
15 0.0002804615728456473
16 6.780686656659302e-05
17 0.000352602645491717
18 0.0001076582672767116
19 7.014194894140743e-05
20 9.18237316662544e-05
21 -4.208690708382757e-06
22 8.980934358284434e-05
23 0.000429777860886765
24 0.000100751680973945
25 0.0003378266941298342
26 9.826172317752951e-05
27 0.0001696227586980348
28 -1.483550819656062e-06
29 0.0001584629296456063
30 8.61682326114272e-07
31 7.208400231898133e-05
32 0.0001745346908095552
33 -0.0001472707237173493
34 1.098696899851273e-05
35 -0.0001904106342711134
36 -0.000314661566668794
37 0.001215533949076956
38 0.0006959293921577212
39 0.01383715196802216
 
