0 -0.04521801581715344
1 0.01112687240741267
2 -0.01552921871782318
3 0.010601662990267
4 -0.008354604362791191
5 0.009218300284872483
6 -0.00647417281090675
7 0.00886018326335311
8 -0.005479572800616887
9 0.007989748394369219
10 -0.004402350957890307
11 0.007083533638811955
12 -0.00335479006340727
13 0.006274167978015656
14 -0.002863175943917864
15 0.005628051764537706
16 -0.002172414763455407
17 0.004636419580194049
18 -0.001496512224759027
19 0.003814483272231145
20 -0.000711853031318624
21 0.002765468050971142
22 -8.142755482919908e-05
23 0.002606811757274271
24 0.0004448775294656609
25 0.002089958073322239
26 0.0007027210144656498
27 0.001561689454132932
28 0.0005837485953055636
29 0.001696434271173156
30 0.0001180139529697648
31 0.002570132948630097
32 -0.0009258648067509952
33 0.003666159642070117
34 -0.002812274976356765
35 0.005489153189748972
36 -0.006421261731777545
37 0.008382268965170872
38 -0.01495027165037325
39 0.0105874228231757
 
0 -0.04550177317529006
1 0.01104199554889901
2 -0.01575692612666399
3 0.01046878323963795
4 -0.008618729685028195
5 0.009069407074187995
6 -0.00663083092208214
7 0.008655322230782339
8 -0.005591757823336897
9 0.007796181762256368
10 -0.004537875632933401
11 0.006920871621553082
12 -0.003546619487069438
13 0.006183049910407237
14 -0.003097191486895673
15 0.005581867479706455
16 -0.002468176400777339
17 0.004678932929191276
18 -0.001820818264601511
19 0.003929501001295291
20 -0.001038533538662399
21 0.00297450386537983
22 -0.0004524667930787069
23 0.002812308632720328
24 1.44025818126666e-05
25 0.002309534829201254
26 0.0002593645726502109
27 0.001895273340256243
28 0.0001097648386995088
29 0.002061340886597291
30 -0.000346795559934528
31 0.00288509527834489
32 -0.001366810026479369
33 0.003964829447559161
34 -0.003166419680049489
35 0.005712064087083177
36 -0.006682902044152237
37 0.008499177641177584
38 -0.01517761206576553
39 0.01062771635819683
 
0 -0.04550177317529006
1 0.01104199554889901
2 -0.01575692612666399
3 0.01046878323963795
4 -0.008618729685028195
5 0.009069407074187995
6 -0.00663083092208214
7 0.008655322230782339
8 -0.005591757823336897
9 0.007796181762256368
10 -0.004537875632933401
11 0.006920871621553082
12 -0.003546619487069438
13 0.006183049910407237
14 -0.003097191486895673
15 0.005581867479706455
16 -0.002468176400777339
17 0.004678932929191276
18 -0.001820818264601511
19 0.003929501001295291
20 -0.001038533538662399
21 0.00297450386537983
22 -0.0004524667930787069
23 0.002812308632720328
24 1.44025818126666e-05
25 0.002309534829201254
26 0.0002593645726502109
27 0.001895273340256243
28 0.0001097648386995088
29 0.002061340886597291
30 -0.000346795559934528
31 0.00288509527834489
32 -0.001366810026479369
33 0.003964829447559161
34 -0.003166419680049489
35 0.005712064087083177
36 -0.006682902044152237
37 0.008499177641177584
38 -0.01517761206576553
39 0.01062771635819683
 
0 -0.04550177317529006
1 0.01104199554889901
2 -0.01575692612666399
3 0.01046878323963795
4 -0.008618729685028195
5 0.009069407074187995
6 -0.00663083092208214
7 0.008655322230782339
8 -0.005591757823336897
9 0.007796181762256368
10 -0.004537875632933401
11 0.006920871621553082
12 -0.003546619487069438
13 0.006183049910407237
14 -0.003097191486895673
15 0.005581867479706455
16 -0.002468176400777339
17 0.004678932929191276
18 -0.001820818264601511
19 0.003929501001295291
20 -0.001038533538662399
21 0.00297450386537983
22 -0.0004524667930787069
23 0.002812308632720328
24 1.44025818126666e-05
25 0.002309534829201254
26 0.0002593645726502109
27 0.001895273340256243
28 0.0001097648386995088
29 0.002061340886597291
30 -0.000346795559934528
31 0.00288509527834489
32 -0.001366810026479369
33 0.003964829447559161
34 -0.003166419680049489
35 0.005712064087083177
36 -0.006682902044152237
37 0.008499177641177584
38 -0.01517761206576553
39 0.01062771635819683
 
0 -0.04550177317529006
1 0.01104199554889901
2 -0.01575692612666399
3 0.01046878323963795
4 -0.008618729685028195
5 0.009069407074187995
6 -0.00663083092208214
7 0.008655322230782339
8 -0.005591757823336897
9 0.007796181762256368
10 -0.004537875632933401
11 0.006920871621553082
12 -0.003546619487069438
13 0.006183049910407237
14 -0.003097191486895673
15 0.005581867479706455
16 -0.002468176400777339
17 0.004678932929191276
18 -0.001820818264601511
19 0.003929501001295291
20 -0.001038533538662399
21 0.00297450386537983
22 -0.0004524667930787069
23 0.002812308632720328
24 1.44025818126666e-05
25 0.002309534829201254
26 0.0002593645726502109
27 0.001895273340256243
28 0.0001097648386995088
29 0.002061340886597291
30 -0.000346795559934528
31 0.00288509527834489
32 -0.001366810026479369
33 0.003964829447559161
34 -0.003166419680049489
35 0.005712064087083177
36 -0.006682902044152237
37 0.008499177641177584
38 -0.01517761206576553
39 0.01062771635819683
 
0 -0.04550177317529006
1 0.01104199554889901
2 -0.01575692612666399
3 0.01046878323963795
4 -0.008618729685028195
5 0.009069407074187995
6 -0.00663083092208214
7 0.008655322230782339
8 -0.005591757823336897
9 0.007796181762256368
10 -0.004537875632933401
11 0.006920871621553082
12 -0.003546619487069438
13 0.006183049910407237
14 -0.003097191486895673
15 0.005581867479706455
16 -0.002468176400777339
17 0.004678932929191276
18 -0.001820818264601511
19 0.003929501001295291
20 -0.001038533538662399
21 0.00297450386537983
22 -0.0004524667930787069
23 0.002812308632720328
24 1.44025818126666e-05
25 0.002309534829201254
26 0.0002593645726502109
27 0.001895273340256243
28 0.0001097648386995088
29 0.002061340886597291
30 -0.000346795559934528
31 0.00288509527834489
32 -0.001366810026479369
33 0.003964829447559161
34 -0.003166419680049489
35 0.005712064087083177
36 -0.006682902044152237
37 0.008499177641177584
38 -0.01517761206576553
39 0.01062771635819683
 
0 -0.04550177317529006
1 0.01104199554889901
2 -0.01575692612666399
3 0.01046878323963795
4 -0.008618729685028195
5 0.009069407074187995
6 -0.00663083092208214
7 0.008655322230782339
8 -0.005591757823336897
9 0.007796181762256368
10 -0.004537875632933401
11 0.006920871621553082
12 -0.003546619487069438
13 0.006183049910407237
14 -0.003097191486895673
15 0.005581867479706455
16 -0.002468176400777339
17 0.004678932929191276
18 -0.001820818264601511
19 0.003929501001295291
20 -0.001038533538662399
21 0.00297450386537983
22 -0.0004524667930787069
23 0.002812308632720328
24 1.44025818126666e-05
25 0.002309534829201254
26 0.0002593645726502109
27 0.001895273340256243
28 0.0001097648386995088
29 0.002061340886597291
30 -0.000346795559934528
31 0.00288509527834489
32 -0.001366810026479369
33 0.003964829447559161
34 -0.003166419680049489
35 0.005712064087083177
36 -0.006682902044152237
37 0.008499177641177584
38 -0.01517761206576553
39 0.01062771635819683
 
0 -0.04550177317529006
1 0.01104199554889901
2 -0.01575692612666399
3 0.01046878323963795
4 -0.008618729685028195
5 0.009069407074187995
6 -0.00663083092208214
7 0.008655322230782339
8 -0.005591757823336897
9 0.007796181762256368
10 -0.004537875632933401
11 0.006920871621553082
12 -0.003546619487069438
13 0.006183049910407237
14 -0.003097191486895673
15 0.005581867479706455
16 -0.002468176400777339
17 0.004678932929191276
18 -0.001820818264601511
19 0.003929501001295291
20 -0.001038533538662399
21 0.00297450386537983
22 -0.0004524667930787069
23 0.002812308632720328
24 1.44025818126666e-05
25 0.002309534829201254
26 0.0002593645726502109
27 0.001895273340256243
28 0.0001097648386995088
29 0.002061340886597291
30 -0.000346795559934528
31 0.00288509527834489
32 -0.001366810026479369
33 0.003964829447559161
34 -0.003166419680049489
35 0.005712064087083177
36 -0.006682902044152237
37 0.008499177641177584
38 -0.01517761206576553
39 0.01062771635819683
 
0 -0.04550177317529006
1 0.01104199554889901
2 -0.01575692612666399
3 0.01046878323963795
4 -0.008618729685028195
5 0.009069407074187995
6 -0.00663083092208214
7 0.008655322230782339
8 -0.005591757823336897
9 0.007796181762256368
10 -0.004537875632933401
11 0.006920871621553082
12 -0.003546619487069438
13 0.006183049910407237
14 -0.003097191486895673
15 0.005581867479706455
16 -0.002468176400777339
17 0.004678932929191276
18 -0.001820818264601511
19 0.003929501001295291
20 -0.001038533538662399
21 0.00297450386537983
22 -0.0004524667930787069
23 0.002812308632720328
24 1.44025818126666e-05
25 0.002309534829201254
26 0.0002593645726502109
27 0.001895273340256243
28 0.0001097648386995088
29 0.002061340886597291
30 -0.000346795559934528
31 0.00288509527834489
32 -0.001366810026479369
33 0.003964829447559161
34 -0.003166419680049489
35 0.005712064087083177
36 -0.006682902044152237
37 0.008499177641177584
38 -0.01517761206576553
39 0.01062771635819683
 
0 -0.04539419357634647
1 0.01083653694848488
2 -0.01562327540233687
3 0.01023138801373489
4 -0.008475573488020101
5 0.008837949655389717
6 -0.00651806066427011
7 0.008441900788801116
8 -0.005495095747251098
9 0.007598284824713282
10 -0.004437319975581991
11 0.006709397217233023
12 -0.003438939355656268
13 0.005966854936829268
14 -0.003000653572877901
15 0.005386830438126684
16 -0.002384787531473764
17 0.00450316009487612
18 -0.001740806786822773
19 0.003752319107221132
20 -0.0009483880071825089
21 0.002775330889882073
22 -0.0003604821792877454
23 0.002625168612481514
24 0.0001045176918522299
25 0.002139247656500264
26 0.0003548467057069348
27 0.001695327436727008
28 0.0002266850308640758
29 0.001850382307472944
30 -0.000232618900774664
31 0.002691281799129337
32 -0.001284378063023914
33 0.00379553175779344
34 -0.003084460605631517
35 0.005548102091070334
36 -0.006610391537302287
37 0.008334259109944164
38 -0.01508955001933711
39 0.0104562572887316
 
