0 0.002129997161068752
1 0.002394506994143126
2 -0.0006779719788544224
3 0.0003968909405257437
4 -0.0004350841595025065
5 -0.0001023566297933099
6 -0.0001686622654952603
7 -7.681330987871167e-05
8 0.0001199275825832207
9 9.50964750167306e-05
10 -8.110099445943941e-05
11 -1.667382588435916e-05
12 0.0001090566752723002
13 1.030012220633177e-05
14 -2.125648588350589e-05
15 0.0001323949512907203
16 -4.509405556563139e-05
17 -3.545904113219899e-05
18 -4.814924857671902e-05
19 -0.0003977361493311539
20 -0.0002941657267785372
21 -0.0004172603106324799
22 -0.0002183972087918177
23 -0.0002147808375217873
24 -0.0001224796305632161
25 -0.0003358586737497072
26 0.0001127933823604265
27 -0.0003440847711375698
28 0.0002521763880346771
29 -0.0002680209024347309
30 0.0003361784503804775
31 -3.083865476370512e-05
32 0.0002519754881638106
33 -0.0002191687600053616
34 0.0002034547148219559
35 -5.211693852734344e-05
36 -0.0003590154718738243
37 -0.0001197327608686087
38 -0.0009141667131808991
39 0.00183393232802632
 
0 0.002349655133006321
1 0.002375624399451618
2 -0.0005646025754197327
3 0.0004061536437618774
4 -0.000405327439271448
5 -0.0001012348146779495
6 -0.000167166390192336
7 -9.238727430051066e-05
8 0.0001145177144939028
9 5.901700905982782e-05
10 -5.406321595205065e-05
11 -2.590506063361955e-05
12 8.124157701594775e-05
13 -3.567728834884092e-05
14 -5.165125574593595e-05
15 9.328068444039462e-05
16 -4.367922648900959e-05
17 -3.14386993463928e-05
18 -5.365635469983196e-05
19 -0.0003279349683624644
20 -0.0002692767770220115
21 -0.000285433802401167
22 -0.0002026782649792713
23 -0.0001314907166083023
24 -0.0001076321783488646
25 -0.0002585978553483749
26 0.0001203930262005775
27 -0.0003130263421388047
28 0.0002329480279249784
29 -0.000227662974495208
30 0.0003168398518275126
31 8.726009567697899e-07
32 0.0002464729399746251
33 -0.0001832654084118021
34 0.0001697991381045126
35 -4.869859899680562e-05
36 -0.0003325699135981949
37 -0.0001023247067499146
38 -0.0008102563754499072
39 0.001888887859359106
 
0 0.002349655133006321
1 0.002375624399451618
2 -0.0005646025754197327
3 0.0004061536437618774
4 -0.000405327439271448
5 -0.0001012348146779495
6 -0.000167166390192336
7 -9.238727430051066e-05
8 0.0001145177144939028
9 5.901700905982782e-05
10 -5.406321595205065e-05
11 -2.590506063361955e-05
12 8.124157701594775e-05
13 -3.567728834884092e-05
14 -5.165125574593595e-05
15 9.328068444039462e-05
16 -4.367922648900959e-05
17 -3.14386993463928e-05
18 -5.365635469983196e-05
19 -0.0003279349683624644
20 -0.0002692767770220115
21 -0.000285433802401167
22 -0.0002026782649792713
23 -0.0001314907166083023
24 -0.0001076321783488646
25 -0.0002585978553483749
26 0.0001203930262005775
27 -0.0003130263421388047
28 0.0002329480279249784
29 -0.000227662974495208
30 0.0003168398518275126
31 8.726009567697899e-07
32 0.0002464729399746251
33 -0.0001832654084118021
34 0.0001697991381045126
35 -4.869859899680562e-05
36 -0.0003325699135981949
37 -0.0001023247067499146
38 -0.0008102563754499072
39 0.001888887859359106
 
0 0.002349655133006321
1 0.002375624399451618
2 -0.0005646025754197327
3 0.0004061536437618774
4 -0.000405327439271448
5 -0.0001012348146779495
6 -0.000167166390192336
7 -9.238727430051066e-05
8 0.0001145177144939028
9 5.901700905982782e-05
10 -5.406321595205065e-05
11 -2.590506063361955e-05
12 8.124157701594775e-05
13 -3.567728834884092e-05
14 -5.165125574593595e-05
15 9.328068444039462e-05
16 -4.367922648900959e-05
17 -3.14386993463928e-05
18 -5.365635469983196e-05
19 -0.0003279349683624644
20 -0.0002692767770220115
21 -0.000285433802401167
22 -0.0002026782649792713
23 -0.0001314907166083023
24 -0.0001076321783488646
25 -0.0002585978553483749
26 0.0001203930262005775
27 -0.0003130263421388047
28 0.0002329480279249784
29 -0.000227662974495208
30 0.0003168398518275126
31 8.726009567697899e-07
32 0.0002464729399746251
33 -0.0001832654084118021
34 0.0001697991381045126
35 -4.869859899680562e-05
36 -0.0003325699135981949
37 -0.0001023247067499146
38 -0.0008102563754499072
39 0.001888887859359106
 
0 0.002349655133006321
1 0.002375624399451618
2 -0.0005646025754197327
3 0.0004061536437618774
4 -0.000405327439271448
5 -0.0001012348146779495
6 -0.000167166390192336
7 -9.238727430051066e-05
8 0.0001145177144939028
9 5.901700905982782e-05
10 -5.406321595205065e-05
11 -2.590506063361955e-05
12 8.124157701594775e-05
13 -3.567728834884092e-05
14 -5.165125574593595e-05
15 9.328068444039462e-05
16 -4.367922648900959e-05
17 -3.14386993463928e-05
18 -5.365635469983196e-05
19 -0.0003279349683624644
20 -0.0002692767770220115
21 -0.000285433802401167
22 -0.0002026782649792713
23 -0.0001314907166083023
24 -0.0001076321783488646
25 -0.0002585978553483749
26 0.0001203930262005775
27 -0.0003130263421388047
28 0.0002329480279249784
29 -0.000227662974495208
30 0.0003168398518275126
31 8.726009567697899e-07
32 0.0002464729399746251
33 -0.0001832654084118021
34 0.0001697991381045126
35 -4.869859899680562e-05
36 -0.0003325699135981949
37 -0.0001023247067499146
38 -0.0008102563754499072
39 0.001888887859359106
 
0 0.002349655133006321
1 0.002375624399451618
2 -0.0005646025754197327
3 0.0004061536437618774
4 -0.000405327439271448
5 -0.0001012348146779495
6 -0.000167166390192336
7 -9.238727430051066e-05
8 0.0001145177144939028
9 5.901700905982782e-05
10 -5.406321595205065e-05
11 -2.590506063361955e-05
12 8.124157701594775e-05
13 -3.567728834884092e-05
14 -5.165125574593595e-05
15 9.328068444039462e-05
16 -4.367922648900959e-05
17 -3.14386993463928e-05
18 -5.365635469983196e-05
19 -0.0003279349683624644
20 -0.0002692767770220115
21 -0.000285433802401167
22 -0.0002026782649792713
23 -0.0001314907166083023
24 -0.0001076321783488646
25 -0.0002585978553483749
26 0.0001203930262005775
27 -0.0003130263421388047
28 0.0002329480279249784
29 -0.000227662974495208
30 0.0003168398518275126
31 8.726009567697899e-07
32 0.0002464729399746251
33 -0.0001832654084118021
34 0.0001697991381045126
35 -4.869859899680562e-05
36 -0.0003325699135981949
37 -0.0001023247067499146
38 -0.0008102563754499072
39 0.001888887859359106
 
0 0.002349655133006321
1 0.002375624399451618
2 -0.0005646025754197327
3 0.0004061536437618774
4 -0.000405327439271448
5 -0.0001012348146779495
6 -0.000167166390192336
7 -9.238727430051066e-05
8 0.0001145177144939028
9 5.901700905982782e-05
10 -5.406321595205065e-05
11 -2.590506063361955e-05
12 8.124157701594775e-05
13 -3.567728834884092e-05
14 -5.165125574593595e-05
15 9.328068444039462e-05
16 -4.367922648900959e-05
17 -3.14386993463928e-05
18 -5.365635469983196e-05
19 -0.0003279349683624644
20 -0.0002692767770220115
21 -0.000285433802401167
22 -0.0002026782649792713
23 -0.0001314907166083023
24 -0.0001076321783488646
25 -0.0002585978553483749
26 0.0001203930262005775
27 -0.0003130263421388047
28 0.0002329480279249784
29 -0.000227662974495208
30 0.0003168398518275126
31 8.726009567697899e-07
32 0.0002464729399746251
33 -0.0001832654084118021
34 0.0001697991381045126
35 -4.869859899680562e-05
36 -0.0003325699135981949
37 -0.0001023247067499146
38 -0.0008102563754499072
39 0.001888887859359106
 
0 0.002349655133006321
1 0.002375624399451618
2 -0.0005646025754197327
3 0.0004061536437618774
4 -0.000405327439271448
5 -0.0001012348146779495
6 -0.000167166390192336
7 -9.238727430051066e-05
8 0.0001145177144939028
9 5.901700905982782e-05
10 -5.406321595205065e-05
11 -2.590506063361955e-05
12 8.124157701594775e-05
13 -3.567728834884092e-05
14 -5.165125574593595e-05
15 9.328068444039462e-05
16 -4.367922648900959e-05
17 -3.14386993463928e-05
18 -5.365635469983196e-05
19 -0.0003279349683624644
20 -0.0002692767770220115
21 -0.000285433802401167
22 -0.0002026782649792713
23 -0.0001314907166083023
24 -0.0001076321783488646
25 -0.0002585978553483749
26 0.0001203930262005775
27 -0.0003130263421388047
28 0.0002329480279249784
29 -0.000227662974495208
30 0.0003168398518275126
31 8.726009567697899e-07
32 0.0002464729399746251
33 -0.0001832654084118021
34 0.0001697991381045126
35 -4.869859899680562e-05
36 -0.0003325699135981949
37 -0.0001023247067499146
38 -0.0008102563754499072
39 0.001888887859359106
 
0 0.002349655133006321
1 0.002375624399451618
2 -0.0005646025754197327
3 0.0004061536437618774
4 -0.000405327439271448
5 -0.0001012348146779495
6 -0.000167166390192336
7 -9.238727430051066e-05
8 0.0001145177144939028
9 5.901700905982782e-05
10 -5.406321595205065e-05
11 -2.590506063361955e-05
12 8.124157701594775e-05
13 -3.567728834884092e-05
14 -5.165125574593595e-05
15 9.328068444039462e-05
16 -4.367922648900959e-05
17 -3.14386993463928e-05
18 -5.365635469983196e-05
19 -0.0003279349683624644
20 -0.0002692767770220115
21 -0.000285433802401167
22 -0.0002026782649792713
23 -0.0001314907166083023
24 -0.0001076321783488646
25 -0.0002585978553483749
26 0.0001203930262005775
27 -0.0003130263421388047
28 0.0002329480279249784
29 -0.000227662974495208
30 0.0003168398518275126
31 8.726009567697899e-07
32 0.0002464729399746251
33 -0.0001832654084118021
34 0.0001697991381045126
35 -4.869859899680562e-05
36 -0.0003325699135981949
37 -0.0001023247067499146
38 -0.0008102563754499072
39 0.001888887859359106
 
0 0.002329662056478786
1 0.002373616664597023
2 -0.0005764855403085381
3 0.0004089887246483645
4 -0.000417092199984711
5 -0.000111976104551405
6 -0.0001702300597057143
7 -9.683014950664613e-05
8 0.0001219836554110476
9 7.192361374691287e-05
10 -5.435786444209955e-05
11 -6.255038448870609e-06
12 9.783206553394091e-05
13 -9.137054048820297e-06
14 -3.905309809343159e-05
15 0.0001306086443684458
16 -4.115504615290795e-05
17 -1.646994702479668e-05
18 -5.488956701784774e-05
19 -0.0003221657810999874
20 -0.0002690549924833051
21 -0.0002832312895872366
22 -0.0001925964059729172
23 -0.0001247904854549509
24 -9.997880235647385e-05
25 -0.0002541315164632625
26 0.0001253185839465041
27 -0.0003087218401520188
28 0.0002400874210490583
29 -0.0002287978792467644
30 0.0003345217524099273
31 -2.086430771543258e-08
32 0.0002434716765822308
33 -0.0001779773438895607
34 0.0001703009847445302
35 -3.340687962720294e-05
36 -0.0003456551461353733
37 -0.0001136481728751582
38 -0.0008217161895719087
39 0.001892339105861212
 
