0 0.0003015192660658982
1 0.0001369776760463565
2 4.527683289493606e-05
3 9.834515830530993e-05
4 1.00463823187082e-05
5 5.75255247720435e-05
6 4.244543503310483e-05
7 0.0001361309765939518
8 1.558232248722412e-05
9 0.0001289947464348654
10 9.577431967202052e-06
11 5.190289039318385e-05
12 4.178258170925587e-05
13 8.1452979150901e-05
14 2.425661823751092e-05
15 6.593713682714338e-05
16 4.461296100489181e-05
17 6.205248451873635e-05
18 2.077092474628872e-05
19 6.855668082944825e-06
20 9.85070038594459e-05
21 3.342595278274361e-06
22 9.872564448339136e-05
23 3.935404296091476e-05
24 4.225966710884181e-05
25 3.670264296527776e-05
26 1.995358418381723e-05
27 1.964486693248566e-05
28 9.426064687094512e-06
29 2.496126597145307e-05
30 3.71396194935171e-06
31 5.486921437862359e-05
32 6.669506155320279e-05
33 5.867737172936644e-05
34 7.371935378968519e-06
35 4.717943567508098e-05
36 6.17135722866482e-05
37 1.330642462785837e-05
38 6.658713034358131e-05
39 4.584431325306074e-05

