0 0.0001965082103056953
1 1.728862524525069e-05
2 0.0001014027111144441
3 8.985183902957939e-06
4 2.768251776865626e-05
5 9.607518210806307e-06
6 2.930919996233864e-06
7 1.499692147997192e-05
8 7.847641090705182e-06
9 3.324921528266786e-05
10 2.43059645974244e-05
11 1.868512055041194e-05
12 2.768690210079362e-05
13 4.542227309230629e-05
14 2.84243695908511e-05
15 4.588098684782729e-05
16 2.724912016409545e-06
17 1.433233869026866e-05
18 5.198093139039369e-06
19 6.360763230968924e-05
20 2.242311071057128e-05
21 0.0001188804323037371
22 1.76350861292282e-05
23 7.586819225571355e-05
24 1.569907561809466e-05
25 7.00952976771546e-05
26 8.553979703360465e-06
27 2.864297015591105e-05
28 1.777800419242276e-05
29 3.622287061932633e-05
30 2.224008408073771e-05
31 2.846200472292379e-05
32 5.898642078074591e-06
33 3.31806605060327e-05
34 3.024316556633181e-05
35 1.443196488320295e-05
36 2.535528088485369e-05
37 1.771553236463774e-05
38 9.294026355621768e-05
39 4.990067285924721e-05

