0 9.06675554415434e-05
1 3.87722411445402e-05
2 2.101899674805962e-05
3 2.809683460454113e-05
4 2.365476253000628e-05
5 1.479575977214904e-05
6 4.247193430874372e-05
7 2.663558378156905e-05
8 4.157180322182817e-05
9 2.278956584249447e-05
10 1.47761568983741e-05
11 2.296747961778089e-05
12 2.53841656461537e-05
13 4.406169923348047e-06
14 6.377337197418386e-05
15 3.759985061255913e-05
16 1.434691249895962e-05
17 3.513731265926312e-05
18 5.144133188527805e-06
19 2.891084892617941e-05
20 2.11210426263011e-05
21 5.942214220478142e-05
22 1.349158197865766e-05
23 3.597176329895254e-05
24 2.036836831010877e-05
25 3.984029459259685e-05
26 3.026042450843939e-05
27 3.093503243415953e-05
28 2.255666031877404e-05
29 2.084197087562968e-05
30 1.739198126061783e-05
31 1.550267741531751e-05
32 2.975983457171154e-05
33 3.634252281672989e-06
34 1.957432747482478e-05
35 8.636783017253465e-06
36 4.984563631053218e-05
37 5.868521223350362e-06
38 2.206637586273752e-05
39 3.877092397983226e-05

