0 0.0007184289871896811
1 0.0007388647283694873
2 0.0005968383257854417
3 0.0007303342912773516
4 0.0005385344454208756
5 0.0005438384645224395
6 0.0002912975211260522
7 0.0004473611818385762
8 0.0003363079541560446
9 0.0003791146022071291
10 0.000319520171745728
11 0.0003225758175304644
12 0.0003115308480513028
13 0.0003706245509326023
14 0.0003707229648372256
15 0.0003178806917971974
16 0.0002870753981623734
17 0.0001486805213608456
18 0.0002027380966787648
19 6.175512014139137e-05
20 0.0001794982058388455
21 4.982904301656672e-05
22 7.553107099685015e-05
23 6.081596787115864e-05
24 4.59075999774723e-05
25 9.209862823268085e-05
26 8.16703164975263e-05
27 2.502929608424535e-05
28 0.0002045908617744531
29 0.0002326702438575221
30 0.0003593944614745037
31 0.0005224087722776159
32 0.0006975703708002468
33 0.0007171824006399827
34 0.0008431857393131849
35 0.0007402085697932738
36 0.0007870427497121518
37 0.0006383893625484143
38 0.0007259739684749271
39 0.0006089885625808269

