0 0.0001451004378767176
1 6.998447514887493e-05
2 0.0001074711696293554
3 8.403638014326877e-06
4 4.080426579396521e-05
5 1.700594321225199e-05
6 8.766680223823514e-06
7 2.077971048141331e-05
8 2.180834308893234e-05
9 4.861118152825523e-05
10 3.419382757131797e-05
11 1.52588966955747e-05
12 3.385861816355765e-05
13 3.42306851120874e-05
14 4.963404087853541e-05
15 3.417616390774051e-05
16 1.866531826505805e-05
17 3.389043036787623e-05
18 3.685463567316519e-05
19 2.271313882008566e-05
20 1.245192087534848e-05
21 1.712037178972974e-05
22 1.795781418201753e-05
23 8.738240413683958e-05
24 4.405558922003406e-05
25 9.386228781465814e-05
26 2.981230518049205e-05
27 4.15334213295143e-05
28 6.006063775484553e-05
29 1.681269662473741e-05
30 3.286742184374181e-05
31 1.352459566515653e-05
32 3.167542522858124e-05
33 4.52114953776102e-05
34 4.702035219730132e-05
35 2.226830262915045e-05
36 6.857158789847301e-05
37 2.701164579517837e-05
38 6.368070671307571e-05
39 9.955877004875172e-05

