0 0.0002628677087568459
1 0.0002077666714191088
2 0.0002258089659472128
3 0.0002561816848575705
4 0.0002574902970930855
5 0.0002599115927631856
6 0.000164316028488579
7 0.0002806394196333466
8 0.0001257401792870963
9 0.0002626145986455028
10 0.0001435774595572178
11 0.0002526813834958361
12 0.0001883630723178428
13 0.0002193866701601112
14 0.0002187250693551961
15 0.0001848270794309107
16 0.0002684172592641477
17 0.0001585708974221654
18 0.0002927560088097286
19 0.0001802109753858145
20 0.0002961836903916751
21 0.0002450146196303414
22 0.0003349969538149371
23 0.0002359037554321541
24 0.0003869046542983311
25 0.0002362436373011107
26 0.0003987259260817561
27 0.0003324335313970665
28 0.0004278700347949411
29 0.0003606223219262813
30 0.0004195301236325883
31 0.0003158982214903418
32 0.0003955399006818567
33 0.000293886717169107
34 0.0003190695840319698
35 0.0002354679737322381
36 0.0002372614058330643
37 0.000172135971534651
38 0.0002110489172672448
39 0.0001545447457021305

