#t	<G_j(t,p=0)>		<G_j(t,p=0)>_err
0	0.021981273515860038	7.652186639061501e-6
1	0.0077883307493509845	6.828582666187315e-6
2	0.0010375619107463139	6.448324391065984e-6
3	0.0006408442034999298	7.284720928196696e-6
4	0.00018590909916237883	6.250548176821189e-6
5	0.00015142270491253895	7.707830413455673e-6
6	0.000111243097498375	6.041592292507245e-6
7	0.00015276444121301182	7.1829732097219255e-6
8	0.00018503237814374376	6.549244113367709e-6
9	0.0006442337626510077	7.240421176155271e-6
10	0.0010374507757489443	6.616285063104897e-6
11	0.007783087825739863	7.021639130911677e-6
