#t	<G_j(t,p=0)>		<G_j(t,p=0)>_err
0	0.0219800266248211	8.542357981370584e-6
1	0.007779061826693589	9.199373295213538e-6
2	0.001032783560814887	7.036875517921424e-6
3	0.0006387815720945881	8.630795990712573e-6
4	0.00018538355316259926	5.692584282095003e-6
5	0.00015266760540119464	8.065441642018846e-6
6	0.00011433351349636543	6.2117340583756e-6
7	0.00015820065497383574	8.735740948647762e-6
8	0.00019045453502976092	6.910476047805939e-6
9	0.0006437312702889799	9.383525832758468e-6
10	0.0010418482021590935	7.600644937977122e-6
11	0.007783047667792846	9.420733840503834e-6
