#t	<G_j(t,p=0)>		<G_j(t,p=0)>_err
0	0.022032496159897344	4.006031051001968e-6
1	0.007775332205079753	4.063281996420864e-6
2	0.0010183752472539994	3.723357997965034e-6
3	0.0006393180427150711	3.945715754510797e-6
4	0.0001829068394256486	3.81695932580037e-6
5	0.00015469451262972882	4.042782288831231e-6
6	0.00011478250699906143	3.7512953236351558e-6
7	0.00015477537077500977	4.180085431716244e-6
8	0.00018446256250358986	3.82121832327311e-6
9	0.0006399697802376336	4.089923624481891e-6
10	0.001019841418235104	3.782875540065616e-6
11	0.007776564271301441	4.210798477481153e-6
